00000000: 11101010 00100100 00011100 10010110 00110011 00110000  .$..30
00000006: 11000110 01011110 10001010 10011010 11011100 11010011  .^....
0000000c: 11000111 10111011 01010000 00001111 00001110 10110100  ..P...
00000012: 01100100 01011000 00011111 10100000 10111001 01100110  dX...f
00000018: 00100000 00001000 10101101 01011000 11011011 10110100   ..X..
0000001e: 01100111 00000010 01010100 01001000 00011111 00011100  g.TH..
00000024: 11111010 11010010 11001001 00001100 01010010 10011011  ....R.
0000002a: 01010011 10001111 10101001 10110000 00001101 10010010  S.....
00000030: 00001101 01100001 00011010 11001110 10101001 00011000  .a....
00000036: 00101010 01110100 10010011 01000101 10010011 00011100  *t.E..
0000003c: 11000000 11111111 00101010 11110101 11000000 01010100  ..*..T
00000042: 10110111 01101101 11101100 11001001 00011011 00101100  .m...,
00000048: 11001101 01100000 01111101 00100001 10000010 10000100  .`}!..
0000004e: 01110110 10101101 00011110 11001010 01100000 01110110  v...`v
00000054: 10101111 01001010 10010100 10100100 11000001 11100001  .J....
0000005a: 10101100 00101111 00001101 00110100 00001111 10011110  ./.4..
00000060: 01011100 01110000 01100011 11101111 00111111 01011011  \pc.?[
00000066: 11111110 10011101 01100100 00011011 01100010 10110010  ..d.b.
0000006c: 01000101 11001010 01111111 11100100 00110010 10110000  E...2.
00000072: 11111010 10110110 00011010 10001101 01111111 10100110  ......
00000078: 11001010 00101110 01010010 10011111 01101010 10001010  ..R.j.
0000007e: 10010110 11011100 00010010 10111001 11000111 01100010  .....b
00000084: 01001111 10110101 11110011 00010100 00111111 11101010  O...?.
0000008a: 11010110 11010011 10110101 01111000 10010001 01101111  ...x.o
00000090: 01000101 10110000 00000001 00110000 00110001 10101010  E..01.
00000096: 01100100 00100101 00000001 11110110 10101111 11111001  d%....
0000009c: 01001010 00000111 01100001 00110011 00000110 00011110  J.a3..
000000a2: 10100001 00010100 10010101 10100110 11101000 10101000  ......
000000a8: 10100000 00101010 11111001 11100011 00000111 11101000  .*....
000000ae: 10001100 00000101 00110100 01000101 11111111 11111001  ..4E..
000000b4: 01011111 11111101 01100111 01010110 11111001 01010110  _.gV.V
000000ba: 01011111 00001011 00110010 10000100 11001100 00101100  _.2..,
000000c0: 10000000 11010100 11010110 01101011 10000000 01011000  ...k.X
000000c6: 01001000 10011100 01110011 00100010 10100100 00101110  H.s"..
000000cc: 01001001 11010110 11111110 11100101 11001010 01010010  I....R
000000d2: 01001000 11110010 11000011 00011011 01011000 11111101  H...X.
000000d8: 10010110 01100101 00111010 10101101 00100100 11110000  .e:.$.
000000de: 01100101 01101001 00101111 11100110 01101110 11011110  ei/.n.
000000e4: 10101111 01110101 10010101 11111101 00101101 10110100  .u..-.
000000ea: 10111111 01010011 00101000 11111110 00001011 01010000  .S(..P
000000f0: 11100101 01010100 11100001 00100100 00001110 00000110  .T.$..
000000f6: 10000010 00111101 00100000 00010101 01010101 01101000  .= .Uh
000000fc: 01001011 00111111 11001001 00110011 10010001 11101111  K?.3..
00000102: 11001000 00010011 11100000 00001011 00011000 00111000  .....8
00000108: 01011110 00111101 01110101 00111110 11110111 00111110  ^=u>.>
0000010e: 01000111 01001011 10100010 00100100 00110010 01000000  GK.$2@
00000114: 10100001 00110001 01101110 00110011 00000010 10101100  .1n3..
0000011a: 10110110 11111001 01001010 11110000 11011000 10111110  ..J...
00000120: 10101010 01111111 00010110 11000000 01011101 01010010  ....]R
00000126: 10010010 10010010 11110000 00010101 01001000 11110100  ....H.
0000012c: 10111110 00011011 11100111 10010010 11011100 00110100  .....4
00000132: 11111101 01111110 01110101 00000110 11111001 00100100  .~u..$
00000138: 11001001 10111100 01110111 11000011 00011101 01010111  ..w..W
0000013e: 11111011 00000010 11011101 00110101 00100011 10111010  ...5#.
00000144: 10100000 01011101 10001001 00110011 11010111 01101111  .].3.o
0000014a: 00010110 11111001 01010110 11100000 01010101 10111001  ..V.U.
00000150: 11100110 00111001 01100101 11111001 00001001 10000101  .9e...
00000156: 00110011 11111111 11011001 01011111 01001011 00001111  3.._K.
0000015c: 00010011 00100101 01011101 11010100 11000001 10001000  .%]...
00000162: 11110010 01000001 01111111 00110110 00110001 01010000  .A.61P
00000168: 10000101 10100110 00110111 01100100 11010011 00111110  ..7d.>
0000016e: 01101001 10100111 01011110 10001011 01110111 11110111  i.^.w.
00000174: 01100111 10111010 11000111 10110110 11001000 10011000  g.....
0000017a: 00000110 01011111 01111101 10001010 10110010 00001011  ._}...
00000180: 00101000 10111110 01010010 11010001 11010010 00010110  (.R...
00000186: 11100110 00001011 01000110 00011011 10111100 01011110  ..F..^
0000018c: 11110110 01010010 00100010 10101101 00110101 00111100  .R".5<
00000192: 11010100 10001011 10011111 11110100 10010000 01000001  .....A
00000198: 00110000 01111111 00100111 11100010 00101011 10100001  0.'.+.
0000019e: 00010010 10111101 10000011 01101111 11001110 01100111  ...o.g
000001a4: 11100111 11100011 11111000 10111001 01111000 11100011  ....x.
000001aa: 01001110 10110111 00110000 01100100 11111101 00110011  N.0d.3
000001b0: 01100000 11100010 11010101 00110100 11001111 10011110  `..4..
000001b6: 11001110 00011111 01000110 00000000 11100111 11000111  ..F...
000001bc: 00011011 00010100 00111010 00100100 01000110 11101000  ..:$F.
000001c2: 00000111 10110010 10010011 10101100 01101011 00000100  ....k.
000001c8: 11010001 01111110 01000110 10101100 10001101 00100110  .~F..&
000001ce: 10101010 11000100 11110001 11011110 01101011 01000001  ....kA
000001d4: 10011101 10010010 11110011 11110110 11101111 00011110  ......
000001da: 00000100 01101001 10111100 00010111 11011001 00100111  .i...'
000001e0: 01111101 00011000 10010011 10000100 00010110 10111011  }.....
000001e6: 01111110 01111110 00000010 11000010 10001100 11111101  ~~....
000001ec: 01110101 01011100 01111011 00000011 00010110 11001101  u\{...
000001f2: 00100000 00101101 11001101 01110001 01000010 11111000   -.qB.
000001f8: 01101111 00100001 10110010 11101100 10000011 01111010  o!...z
000001fe: 01100011 11011100 01010000 00001000 00101110 00100000  c.P.. 
00000204: 11010011 10001001 10100001 11110111 00111000 01101110  ....8n
0000020a: 11010111 00101100 00011011 00100100 11010000 00110010  .,.$.2
00000210: 10101010 00100100 11110010 01010010 01011000 01101111  .$.RXo
00000216: 00101000 00001010 10011100 10010010 01111111 11101011  (.....
0000021c: 00010011 10000000 11011010 10000101 10010000 01010110  .....V
00000222: 10111011 01000110 11011000 00001110 00001101 10100001  .F....
00000228: 10101011 00000101 01101100 11101111 01100110 00011010  ..l.f.
0000022e: 00001000 11011110 10011011 10111101 01100100 01011011  ....d[
00000234: 00111010 10111101 01001100 10101011 01001100 10010010  :.L.L.
0000023a: 10110000 00110110 10101111 01110111 01101011 10101010  .6.wk.
00000240: 10100100 00001000 00101110 10111010 11111010 00000000  ......
00000246: 00101111 11000011 00001101 11001000 01110001 10010011  /...q.
0000024c: 11010111 11110100 00001000 01101001 01000011 00000111  ...iC.
00000252: 00100111 01110111 00110100 01101001 00000001 01010001  'w4i.Q
00000258: 10001000 00000111 01110111 10101111 01001110 10100000  ..w.N.
0000025e: 01011101 10011011 01010111 11011000 11101111 00010110  ].W...
00000264: 11011001 10011010 11011110 11001010 00110110 00010001  ....6.
0000026a: 10000101 10101100 01100110 00111101 10111011 10010000  ..f=..
00000270: 01111010 01010011 11001001 01110001 01110011 00110011  zS.qs3
00000276: 11000101 01010010 11000111 01100010 00011011 11010100  .R.b..
0000027c: 11110000 01001011 11000011 01001110 11101011 00101101  .K.N.-
00000282: 10000010 10010111 11111110 11110110 01011001 10101111  ....Y.
00000288: 01011001 11100000 01011110 10110000 01000100 11101100  Y.^.D.
0000028e: 01001010 00000000 00101010 11110010 01011111 00101001  J.*._)
00000294: 01000110 10011010 00011101 01100111 01111110 10010101  F..g~.
0000029a: 01111100 01000010 00010100 10000011 10110011 00011011  |B....
000002a0: 01101100 00111001 11101100 11010010 01000111 01100110  l9..Gf
000002a6: 01100111 01110110 01101011 00011110 00000101 01001110  gvk..N
000002ac: 00011101 11000100 01010101 11111010 01111101 01010111  ..U.}W
000002b2: 00110111 11010001 01101101 11010001 00111111 01000111  7.m.?G
000002b8: 00010101 11100000 00011000 10110010 01100001 10010010  ....a.
000002be: 00100010 11000000 01000100 11110010 11010111 10100000  ".D...
000002c4: 10000100 00000110 11001100 01001011 10010001 10110101  ...K..
000002ca: 10111111 11110100 10000000 11101011 10011100 00001011  ......
000002d0: 10100100 00000110 01001111 10010100 00100011 00101000  ..O.#(
000002d6: 00011111 00110000 00110100 11000101 10110011 01010011  .04..S
000002dc: 00011100 00111111 00001001 11101101 00110100 00011000  .?..4.
000002e2: 01010001 00000000 01000111 11100100 11101001 00110001  Q.G..1
000002e8: 11011111 00011000 10001011 01010110 00010101 10110111  ...V..
000002ee: 01110001 11000010 11000000 11010101 01111110 00010111  q...~.
000002f4: 01111001 11000001 10101000 10001101 01010011 00111011  y...S;
000002fa: 10000000 11000100 10110100 00100010 01101010 00000101  ..."j.
00000300: 10110111 10111101 10111011 00001001 10101101 11010000  ......
00000306: 10000000 00111111 10100011 10011101 01100110 11011001  .?..f.
0000030c: 01100010 11001101 00110001 01101100 10111010 01001011  b.1l.K
00000312: 00101001 01111010 10011110 11101011 00111011 11001111  )z..;.
00000318: 00110100 01000011 00111101 10100010 00101000 11100100  4C=.(.
0000031e: 00111110 10100001 00011110 00000110 11110011 01001011  >....K
00000324: 11001000 00100110 00110110 01100000 00100111 10110111  .&6`'.
0000032a: 11000110 01011101 01010101 10111110 00000101 00101110  .]U...
00000330: 00100010 01110101 11000001 11101111 00100000 01011100  "u.. \
00000336: 11110111 10111101 00110111 11100101 00010001 00111011  ..7..;
0000033c: 10101011 11100111 01100110 10001011 01110101 00011000  ..f.u.
00000342: 10100110 10010000 00111110 01000010 11010101 10001000  ..>B..
00000348: 00011110 01000010 10111101 01110011 10011111 01001011  .B.s.K
0000034e: 11011011 10110001 11111110 11110001 00001000 11100000  ......
00000354: 01100001 10101010 10010001 00000110 00000100 10011111  a.....
0000035a: 11100001 00111000 01011010 00100101 10011000 00001101  .8Z%..
00000360: 10011101 11101010 10110010 01001111 01001011 10100101  ...OK.
00000366: 00011001 10011101 10011101 01000101 01000010 01100111  ...EBg
0000036c: 01000101 01101110 01010010 00000101 10110100 10110101  EnR...
00000372: 10001001 11110110 10011101 10100010 11000111 10110110  ......
00000378: 00110100 10110010 11110011 10011100 10101010 10001100  4.....
0000037e: 11011110 11010010 10000111 10111110 10110011 01100100  .....d
00000384: 11101110 00010101 00100101 11111101 00111100 01111010  ..%.<z
0000038a: 01111010 01111101 00101000 11100110 11101001 01101111  z}(..o
00000390: 01101110 11001110 11001110 10000101 11000111 11000010  n.....
00000396: 10101010 00011101 11001111 11011111 01100010 01111001  ....by
0000039c: 00011111 00100001 10110111 10011011 00011000 01110010  .!...r
000003a2: 00101011 11100111 00010111 11110001 00100010 00110000  +..."0
000003a8: 10001101 00001011 10010101 10101111 01010000 01010111  ....PW
000003ae: 11110001 11001101 11010111 10111011 01101001 01100101  ....ie
000003b4: 11000111 11010111 10100111 11101011 11000101 11100010  ......
000003ba: 10101101 11011100 10111101 00011101 00110101 00001001  ....5.
000003c0: 11110111 01011111 11111110 00010101 01011110 11100001  ._..^.
000003c6: 11101101 11001100 00110111 10111000 00011111 01100110  ..7..f
000003cc: 11101011 00101101 00100000 10100000 11000000 01100000  .- ..`
000003d2: 00101101 11100010 10101001 10010100 00011001 11111101  -.....
000003d8: 01011010 10010111 01000000 11010000 11110000 01010010  Z.@..R
000003de: 10101100 00011101 01110110 00000010 11010110 11111000  ..v...
000003e4: 00000011 01100101 10111011 00011101 01000111 11001101  .e..G.
000003ea: 10100001 01001101 01001011 01111011 01100010 11100111  .MK{b.
000003f0: 10000011 10110100 01001000 00011010 11001001 11000101  ..H...
000003f6: 10111101 01101110 10110110 10101100 01011000 01110101  .n..Xu
000003fc: 00010011 11000011 10010011 11001011 00011011 10001111  ......
00000402: 01101010 01000100 10011101 01001010 00011010 01001110  jD.J.N
00000408: 11010111 10100100 01100010 11111011 00011001 10001010  ..b...
0000040e: 01011100 01001001 10000011 11110011 11101001 10010111  \I....
00000414: 10100110 00010010 10011011 11000101 01000001 00100010  ....A"
0000041a: 01101101 10110000 10100000 10000111 10100001 01000100  m....D
00000420: 01000110 00011011 01011110 01010111 11111100 00001111  F.^W..
00000426: 00100101 10100001 00000010 10101101 11000110 01010100  %....T
0000042c: 10001101 11010101 00100100 11101010 01001010 01101000  ..$.Jh
00000432: 00001110 11011110 11100110 10110001 11101001 11110000  ......
00000438: 00011010 01111001 01000001 01000111 11011000 00010000  .yAG..
0000043e: 01110100 10011101 01110101 00011001 00101100 00001101  t.u.,.
00000444: 10010110 00100000 10100000 11011100 01100101 10100110  . ..e.
0000044a: 00111001 00000100 01000010 11110010 01001110 11011001  9.B.N.
00000450: 11010011 00111011 10111001 01100010 01001101 11000111  .;.bM.
00000456: 11111011 01010100 11100001 11111100 01011010 01101110  .T..Zn
0000045c: 10101011 00000100 11001010 10100110 01101110 01001100  ....nL
00000462: 01001010 00011110 00010001 11001011 00010001 01110110  J....v
00000468: 00100001 11011100 10101001 10001011 10010111 00110101  !....5
0000046e: 11011001 10000110 10111001 01000011 10101000 10001000  ...C..
00000474: 01111010 10000010 00000001 11101001 11101011 00110100  z....4
0000047a: 01111011 11100010 11101001 00100011 00101101 00110010  {..#-2
00000480: 10000111 01010101 10101000 00101110 11111000 10111111  .U....
00000486: 11111011 11101111 11100001 01010000 11100001 00001010  ...P..
0000048c: 10100100 10000001 11011010 01110101 00000100 11110110  ...u..
00000492: 11100110 01111111 01010011 00100000 10010010 11011011  ..S ..
00000498: 11110101 10100101 10100010 11001100 11000011 01100011  .....c
0000049e: 01001110 11011111 11011111 11110001 01100010 11111000  N...b.
000004a4: 01010111 11001100 10100001 01001111 11001111 11000100  W..O..
000004aa: 10111011 01110101 10001111 11000000 11100110 10111100  .u....
000004b0: 01010100 00010010 11111101 00101010 11011010 10000110  T..*..
000004b6: 10001001 00101101 10000100 10011011 01100001 00010011  .-..a.
000004bc: 01101101 11010111 11010000 01010110 11100100 11000000  m..V..
000004c2: 01011000 10111000 11110110 00110101 00111101 10100001  X..5=.
000004c8: 01101111 11101111 10111110 00110111 10111101 01010010  o..7.R
000004ce: 10011111 10010011 01010010 01100110 10001100 11110000  ..Rf..
000004d4: 01000111 00111011 11110100 11000000 10010101 00100100  G;...$
000004da: 10000011 10011110 11111010 01010001 11010001 11100010  ...Q..
000004e0: 11011110 10010111 10110011 11011100 00011000 10001010  ......
000004e6: 00000000 01000011 00000001 10110101 01100100 10010111  .C..d.
000004ec: 10110010 00001100 10001001 00001000 01000000 01111100  ....@|
000004f2: 00111001 00101101 10010001 00111001 00010111 00110111  9-.9.7
000004f8: 11000101 01000000 11010011 11011001 01011101 01101111  .@..]o
000004fe: 10100110 01110110 01010101 01000110 01011100 11010001  .vUF\.
00000504: 00010011 11110100 00111101 10000000 10110000 10111100  ..=...
0000050a: 01010100 10101010 11011010 01001110 01001111 00001110  T..NO.
00000510: 11010100 10000110 11100111 11000101 01100111 00011111  ....g.
00000516: 10010001 01110101 00000011 01110010 11001011 10111000  .u.r..
0000051c: 00001000 10100011 10110100 10000000 10110011 01100001  .....a
00000522: 11110110 00011100 01010011 10001110 00110010 10010100  ..S.2.
00000528: 11000010 10011010 00101011 01110101 01011101 00101110  ..+u].
0000052e: 11010100 10111010 11001011 00111011 00010011 00100110  ...;.&
00000534: 10100011 01000011 00111101 00001000 11101110 11001000  .C=...
0000053a: 10000100 10101110 10001010 10001000 11110100 00101010  .....*
00000540: 11001011 10011101 00010101 11111001 01011101 11010011  ....].
00000546: 00011010 00110001 10110100 00001110 01110100 11010101  .1..t.
0000054c: 00101000 01100100 01101011 00101111 11001101 11000010  (dk/..
00000552: 01001011 00000001 01001010 01100111 00100001 10000100  K.Jg!.
00000558: 10110110 00000111 11111101 10110000 01100100 01010000  ....dP
0000055e: 01111111 11100111 10010100 01000100 01000110 10110011  ...DF.
00000564: 10110101 01110001 00110101 11000011 11000010 10110101  .q5...
0000056a: 11111000 00111001 11001100 11100110 11111001 10001101  .9....
00000570: 11001001 11010110 00111011 10010010 01010111 00110110  ..;.W6
00000576: 01100110 11110011 10110100 10100000 00101101 10100111  f...-.
0000057c: 10011001 01110001 10100100 00001110 00110011 10011100  .q..3.
00000582: 00001000 11011011 01111101 11011110 00000000 10011000  ..}...
00000588: 01110110 11000110 01111000 11011110 10100001 11110111  v.x...
0000058e: 00101011 01010111 00101000 11110011 01110100 10111111  +W(.t.
00000594: 01100000 10010100 11001100 01100011 01010100 11100111  `..cT.
0000059a: 00101100 10010011 10000100 00111111 10101111 10111000  ,..?..
000005a0: 11101010 10101000 00000111 11101010 00001100 00001100  ......
000005a6: 01101010 01101100 11000001 00111001 11110000 01110010  jl.9.r
000005ac: 01110101 11111010 10101001 11001111 00011001 01000011  u....C
000005b2: 11111111 01000010 10001001 01100101 00010011 11000001  .B.e..
000005b8: 01011111 11110100 11101011 00001000 00000011 01101000  _....h
000005be: 10011101 10111011 10011100 11100011 11000111 00000011  ......
000005c4: 00011000 11001010 10010101 11101101 10100111 00111000  .....8
000005ca: 01100111 00000011 00100011 11000010 11010010 10000100  g.#...
000005d0: 00100000 00100111 10100101 01100000 01100001 11101111   '.`a.
000005d6: 10001101 01110111 11101111 00110011 01100100 11011000  .w.3d.
000005dc: 11000111 01011001 00110000 11011010 11111010 10000101  .Y0...
000005e2: 01000111 10000010 11010001 10101110 00111000 10111101  G...8.
000005e8: 00111011 01111001 10000100 00011111 11000010 11011000  ;y....
000005ee: 01111110 10100011 11011011 01011011 00110111 11111111  ~..[7.
000005f4: 10110011 10011110 00011100 00100000 00001001 01010110  ... .V
000005fa: 00011011 11010011 00000101 11100001 01101111 00110001  ....o1
